y    x  z  a   y-x DoD DoDoD
-4=> 2  3  -2  -6  n/a n/a
-3=> 3  3  -1  -6  0   n/a
-2=> 2  3  -1  -4  2   2
-1=> 1  3  -1  -2  2   0
0 => 0  3  0   0   2   0
1 => 1  3  0   0   0   -2
2 => 2  3  0   0   0   0
3 => 3  3  0   0   0   0
4 => 2  3  1   2   2   2
5 => 1  3  1   4   2   0
6 => 0  3  1   6   2   0
7 => 1  3  2   6   0   -2
8 => 2  3  2   6   0   0
9 => 3  3  2   6   0   0
10=> 2  3  3   8   2   2
11=> 1  3  3   10  2   0
12=> 0  3  3   12  2   0
13=> 1  3  4   12  0   -2
14=> 2  3  4   12  0   0
15=> 3  3  4   12  0   0
16=> 2  3  5   14  2   2


y%z  0 1 2 3  4 5
    [0,2,0,0,-2,0][count % max]

output = count - difference

difference = difference + [2,0,0,0,2,2][count % max]




 0 1 2 3 4 5
[2,0,0,0,2,2][count % max]

x = y - y%z
